0
0.000123457
0.00111111
0.00604938
0.0149383
0.0277778
0.0445679
0.0653086
0.09
0.118642
0.151235
0.187778
0.228272
0.272716
0.321111
0.373457
0.429753
0.49
0.554198
0.622346
0.694444
0.770494
0.850494
0.934444
1.02235
1.1142
1.21
1.30975
1.41346
1.52111
1.63272
1.74827
1.86778
1.99123
2.11864
2.25
2.38531
2.52457
2.66778
2.81494
2.96605
3.12111
3.28012
3.44309
3.61
3.78086
3.95568
4.13444
4.31716
4.50383
4.69444
4.88901
5.08753
5.29
5.49642
5.70679
5.92111
6.13938
6.3616
6.58778
6.8179
7.05198
7.29
7.53198
7.7779
8.02778
8.2816
8.53938
8.80111
9.06679
9.33642
9.61
9.88753
10.169
10.4544
10.7438
11.0372
11.3344
11.6357
11.9409
12.25
12.5631
12.8801
13.2011
13.526
13.8549
14.1878
14.5246
14.8653
15.21
15.5586
15.9112
16.2678
16.6283
16.9927
17.3611
17.7335
18.1098
18.49
18.8742
19.2623
19.6544
20.0505
20.4505
20.8544
21.2623
21.6742
22.09
22.5098
22.9335
23.3611
23.7927
24.2283
24.6678
25.1112
25.5586
26.01
26.4653
26.9246
27.3878
27.8549
28.326
28.8011
29.2801
29.7631
30.25
30.7409
31.2357
31.7344
32.2372
32.7438
33.2544
33.769
34.2875
34.81
35.3364
35.8668
36.4011
36.9394
37.4816
38.0278
38.5779
39.132
39.69
40.252
40.8179
41.3878
41.9616
42.5394
43.1211
43.7068
44.2964
44.89
45.4875
46.089
46.6944
47.3038
47.9172
48.5344
49.1557
49.7809
50.41
51.0431
51.6801
52.3211
52.966
53.6149
54.2678
54.9246
55.5853
56.25
56.9186
57.5912
58.2678
58.9483
59.6327
60.3211
61.0135
61.7098
62.41
63.1142
63.8223
64.5344
65.2505
65.9705
66.6944
67.4223
68.1542
68.89
69.6298
70.3735
71.1211
71.8727
72.6283
73.3878
74.1512
74.9186
75.69
76.4653
77.2446
78.0278
78.8149
79.606
80.4011
81.2001
82.0031
82.81
83.6209
84.4357
85.2544
86.0772
86.9038
87.7344
88.569
89.4075
90.25
91.0964
91.9468
92.8011
93.6594
94.5216
95.3878
96.2579
97.132
98.01
98.892
99.7779
100.668
