0
0.00137174
0.0109739
0.037037
0.0563778
0.0800288
0.110059
0.146738
0.190798
0.242918
0.303775
0.374047
0.454411
0.545544
0.648124
0.762828
0.890334
1.03132
1.18646
1.35644
1.54193
1.74361
1.96215
2.19824
2.45255
2.72576
3.01855
3.33159
3.66556
4.02114
4.39901
4.79984
5.22431
5.6731
6.14689
6.64635
7.17216
7.72501
8.30555
8.91449
9.55248
10.2202
10.9184
11.6476
12.4086
13.2021
14.0287
14.8891
15.7839
16.714
17.6798
18.6822
19.7218
20.7992
21.9152
23.0704
24.2655
25.5012
26.7781
28.097
29.4585
30.8633
32.312
33.8054
35.3441
36.9288
38.5602
40.2389
41.9657
43.7412
45.566
47.4409
49.3666
51.3437
53.3728
55.4548
57.5902
59.7797
62.024
64.3238
66.6798
69.0926
71.5629
74.0914
76.6788
79.3258
82.0329
84.801
87.6306
90.5225
93.4773
96.4958
99.5785
102.726
105.94
109.219
112.566
115.98
119.463
123.015
126.636
130.328
134.091
137.925
141.833
145.813
149.867
153.995
158.198
162.478
166.834
171.267
175.777
180.367
185.035
189.784
194.612
199.523
204.515
209.589
214.747
219.989
225.316
230.727
236.225
241.809
247.481
253.241
259.089
265.027
271.055
277.173
283.383
289.685
296.079
302.568
309.15
315.827
322.599
329.468
336.433
343.496
350.657
357.917
365.276
372.736
380.296
387.958
395.722
403.589
411.56
419.635
427.815
436.1
444.492
452.991
461.597
470.312
479.136
488.069
497.113
506.268
515.534
524.913
534.405
544.011
553.731
563.566
573.518
583.585
593.77
604.072
614.493
625.033
635.693
646.474
657.375
668.399
679.545
690.814
702.207
713.725
725.368
737.137
749.033
761.056
773.207
785.486
797.895
810.434
823.103
835.904
848.837
861.903
875.102
888.435
901.903
915.506
929.246
943.122
957.135
971.287
985.578
1000.01
