0
0.000152416
0.00243865
0.0123457
0.0217272
0.0345174
0.0527888
0.0774364
0.109872
0.151591
0.204217
0.269505
0.34934
0.445739
0.560849
0.69695
0.85645
1.04189
1.25594
1.50141
1.78122
2.09845
2.45628
2.85805
3.30721
3.80735
4.36218
4.97557
5.65148
6.39404
7.20749
8.09619
9.06466
10.1175
11.2596
12.4957
13.8309
15.2703
16.8194
18.4833
20.2678
22.1785
24.2213
26.4019
28.7267
31.2017
33.8332
36.6279
39.5922
42.7329
46.0568
49.571
53.2826
57.1988
61.327
65.6748
70.2497
75.0596
80.1124
85.4161
90.9788
96.809
102.915
109.305
115.989
122.974
130.271
137.887
145.832
154.116
162.748
171.738
181.095
190.829
200.95
211.469
222.396
233.74
245.513
257.726
270.388
283.512
297.107
311.186
325.759
340.838
356.435
372.561
389.228
406.448
424.234
442.596
461.549
481.103
501.273
522.07
543.508
565.599
588.358
611.796
635.927
660.765
686.324
712.618
739.659
767.464
796.044
825.416
855.593
886.59
918.422
951.103
984.649
1019.07
1054.4
1090.63
1127.78
1165.88
1204.94
1244.96
1285.98
1328
1371.05
1415.13
1460.27
1506.48
1553.77
1602.17
1651.7
1702.36
1754.18
1807.17
1861.36
1916.75
1973.37
2031.24
2090.37
2150.78
2212.5
2275.53
2339.9
2405.62
2472.72
2541.21
2611.12
2682.46
2755.25
2829.51
2905.27
2982.53
3061.33
3141.67
3223.59
3307.1
3392.22
3478.98
3567.38
3657.47
3749.24
3842.74
3937.97
4034.96
4133.73
4234.31
4336.71
4440.95
4547.06
4655.07
4764.98
4876.83
4990.64
5106.43
5224.22
5344.04
5465.91
5589.85
5715.88
5844.04
5974.34
6106.8
6241.46
6378.33
6517.44
6658.81
6802.47
6948.45
7096.76
7247.43
7400.48
7555.95
7713.86
7874.23
8037.08
8202.45
8370.36
8540.83
8713.89
8889.57
9067.9
9248.89
9432.58
9618.99
9808.15
10000.1
