0
1.66852e-10
4.10698e-08
2.84364e-06
2.72689e-05
0.000128593
0.000419319
0.00108999
0.00242998
0.00484835
0.00889461
0.0152795
0.024896
0.0388398
0.0584303
0.0852316
0.121073
0.16807
0.228645
0.305548
0.401878
0.521102
0.66708
0.84408
1.0568
1.3104
1.61051
1.96324
2.37523
2.85366
3.40625
4.04131
4.76774
5.59508
6.53347
7.59375
8.78742
10.1267
11.6245
13.2945
15.1512
17.2097
19.4861
21.9973
24.761
27.7957
31.1209
34.757
38.7254
43.0481
47.7486
52.851
58.3805
64.3634
70.8271
77.8
85.3116
93.3924
102.074
111.39
121.374
132.062
143.489
155.694
168.716
182.595
197.372
213.092
229.797
247.533
266.349
286.292
307.411
329.759
353.388
378.353
404.709
432.514
461.827
492.708
525.219
559.424
595.388
633.179
672.864
714.515
758.204
804.004
851.991
902.242
954.837
1009.86
1067.38
1127.5
1190.3
1255.87
1324.29
1395.67
1470.08
1547.64
1628.44
1712.58
1800.17
1891.3
1986.08
2084.62
2187.04
2293.45
2403.96
2518.68
2637.75
2761.28
2889.39
3022.21
3159.88
3302.51
3450.25
3603.23
3761.59
3925.47
4095.02
4270.37
4451.67
4639.08
4832.76
5032.84
5239.5
5452.9
5673.19
5900.54
6135.13
6377.11
6626.68
6883.99
7149.24
7422.61
7704.27
7994.41
8293.24
8600.93
8917.69
9243.71
9579.2
9924.37
10279.4
10644.5
11020
11405.9
11802.6
12210.3
12629.1
13059.4
13501.3
13955
14420.9
14899.2
15390.1
15893.8
16410.6
16940.8
17484.6
18042.3
18614.1
19200.3
19801.2
20417.1
21048.2
21694.8
22357.2
23035.6
23730.5
24442
25170.4
25916.2
26679.5
27460.7
28260.1
29078
29914.7
30770.6
31645.9
32541.1
33456.4
34392.2
35348.8
36326.5
37325.8
38347
39390.4
40456.4
41545.3
42657.6
43793.5
44953.6
46138.1
47347.4
48581.9
49842.1
51128.3
52440.9
53780.3
55146.9
56541.2
57963.6
59414.4
60894.1
62403.2
63942.1
65511.1
67110.8
68741.6
70404
72098.4
73825.2
75584.9
77378.1
79205.1
81066.5
82962.7
84894.2
86861.6
88865.2
90905.7
92983.4
95099
97252.9
99445.7
101678
