0
0.0003003
0.000900901
0.0021021
0.0051
0.0080979
0.0110958
0.0140937
0.0170916
0.0200895
0.0230874
0.0260853
0.0290832
0.0320811
0.035079
0.0380769
0.0410748
0.0440727
0.0470706
0.0500685
0.0530664
0.0560643
0.0590622
0.0620601
0.065058
0.0680559
0.0710538
0.0740517
0.0770495
0.0800474
0.0830453
0.0860432
0.0890411
0.092039
0.0950369
0.0980348
0.101033
0.104031
0.107029
0.110026
0.113024
0.116022
0.11902
0.122018
0.125016
0.128014
0.131012
0.13401
0.137008
0.140005
0.143003
0.146001
0.148999
0.151997
0.154995
0.157993
0.160991
0.163989
0.166986
0.169984
0.172982
0.17598
0.178978
0.181976
0.184974
0.187972
0.19097
0.193968
0.196965
0.199963
0.202961
0.205959
0.208957
0.211955
0.214953
0.217951
0.220949
0.223947
0.226944
0.229942
0.23294
0.235938
0.238936
0.241934
0.244932
0.24793
0.250928
0.253926
0.256923
0.259921
0.262919
0.265917
0.268915
0.271913
0.274911
0.277909
0.280907
0.283905
0.286902
0.2899
0.292898
0.295896
0.298894
0.301892
0.30489
0.307888
0.310886
0.313883
0.316881
0.319879
0.322877
0.325875
0.328873
0.331871
0.334869
0.337867
0.340865
0.343862
0.34686
0.349858
0.352856
0.355854
0.358852
0.36185
0.364848
0.367846
0.370844
0.373841
0.376839
0.379837
0.382835
0.385833
0.388831
0.391829
0.394827
0.397825
0.400823
0.40382
0.406818
0.409816
0.412814
0.415812
0.41881
0.421808
0.424806
0.427804
0.430802
0.433799
0.436797
0.439795
0.442793
0.445791
0.448789
0.451787
0.454785
0.457783
0.46078
0.463778
0.466776
0.469774
0.472772
0.47577
0.478768
0.481766
0.484764
0.487762
0.490759
0.493757
0.496755
0.499753
0.502751
0.505749
0.508747
0.511745
0.514743
0.517741
0.520738
0.523736
0.526734
0.529732
0.53273
0.535728
0.538726
0.541724
0.544722
0.54772
0.550717
0.553715
0.556713
0.559711
0.562709
0.565707
0.568705
0.571703
0.574701
0.577698
0.580696
0.583694
0.586692
0.58969
0.592688
0.595686
0.598684
0.601682
0.60468
0.607677
0.610675
0.613673
0.616671
0.619669
0.622667
0.625665
0.628663
0.631661
0.634659
0.637656
0.640654
0.643652
0.64665
0.649648
0.652646
0.655644
0.658642
0.66164
0.664638
0.667635
0.670633
0.673631
0.676629
0.679627
0.682625
0.685623
0.688621
0.691619
0.694617
0.697614
0.700612
0.70361
0.706608
0.709606
0.712604
0.715602
0.7186
0.721598
0.724595
0.727593
0.730591
0.733589
0.736587
0.739585
0.742583
0.745581
0.748579
0.751577
0.754574
0.757572
0.76057
0.763568
0.766566
0.769564
0.772562
0.77556
0.778558
0.781556
0.784553
0.787551
0.790549
0.793547
0.796545
0.799543
0.802541
0.805539
0.808537
0.811535
0.814532
0.81753
0.820528
0.823526
0.826524
0.829522
0.83252
0.835518
0.838516
0.841514
0.844511
0.847509
0.850507
0.853505
0.856503
0.859501
0.862499
0.865497
0.868495
0.871492
0.87449
0.877488
0.880486
0.883484
0.886482
0.88948
0.892478
0.895476
0.898474
0.901471
0.904469
0.907467
0.910465
0.913463
0.916461
0.919459
0.922457
0.925455
0.928453
0.93145
0.934448
0.937446
0.940444
0.943442
0.94644
0.949438
0.952436
0.955434
0.958432
0.961429
0.964427
0.967425
0.970423
0.973421
0.976419
0.979417
0.982415
0.985413
0.988411
0.991408
0.994406
0.997404
1.0004
1.0034
1.0064
1.0094
1.01239
1.01539
1.01839
1.02139
1.02439
1.02738
1.03038
1.03338
1.03638
1.03937
1.04237
1.04537
1.04837
1.05137
1.05436
1.05736
1.06036
1.06336
1.06636
1.06935
1.07235
1.07535
1.07835
1.08135
1.08434
1.08734
1.09034
1.09334
1.09633
1.09933
1.10233
1.10533
1.10833
1.11132
1.11432
1.11732
1.12032
1.12332
1.12631
1.12931
1.13231
1.13531
1.13831
1.1413
1.1443
1.1473
1.1503
1.15329
1.15629
1.15929
1.16229
1.16529
1.16828
1.17128
1.17428
1.17728
1.18028
1.18327
1.18627
1.18927
1.19227
1.19527
1.19826
1.20126
1.20426
1.20726
1.21025
1.21325
1.21625
1.21925
1.22225
1.22524
1.22824
1.23124
1.23424
1.23724
1.24023
1.24323
1.24623
1.24923
1.25223
1.25522
1.25822
1.26122
1.26422
1.26722
1.27021
1.27321
1.27621
1.27921
1.2822
1.2852
1.2882
1.2912
1.2942
1.29719
1.30019
1.30319
1.30619
1.30919
1.31218
1.31518
1.31818
1.32118
1.32418
1.32717
1.33017
1.33317
1.33617
1.33916
1.34216
1.34516
1.34816
1.35116
1.35415
1.35715
1.36015
1.36315
1.36615
1.36914
1.37214
1.37514
1.37814
1.38114
1.38413
1.38713
1.39013
1.39313
1.39612
1.39912
1.40212
1.40512
1.40812
1.41111
1.41411
1.41711
1.42011
1.42311
1.4261
1.4291
1.4321
1.4351
1.4381
1.44109
1.44409
1.44709
1.45009
1.45308
1.45608
1.45908
1.46208
1.46508
1.46807
1.47107
1.47407
1.47707
1.48007
1.48306
1.48606
1.48906
1.49206
1.49506
1.49805
1.50105
1.50405
1.50705
1.51004
1.51304
1.51604
1.51904
1.52204
1.52503
1.52803
1.53103
1.53403
1.53703
1.54002
1.54302
1.54602
1.54902
1.55202
1.55501
1.55801
1.56101
1.56401
1.567
1.57
1.573
1.576
1.579
1.58199
1.58499
1.58799
1.59099
1.59399
1.59698
1.59998
1.60298
1.60598
1.60898
1.61197
1.61497
1.61797
1.62097
1.62396
1.62696
1.62996
1.63296
1.63596
1.63895
1.64195
1.64495
1.64795
1.65095
1.65394
1.65694
1.65994
1.66294
1.66594
1.66893
1.67193
1.67493
1.67793
1.68092
1.68392
1.68692
1.68992
1.69292
1.69591
1.69891
1.70191
1.70491
1.70791
1.7109
1.7139
1.7169
1.7199
1.7229
1.72589
1.72889
1.73189
1.73489
1.73788
1.74088
1.74388
1.74688
1.74988
1.75287
1.75587
1.75887
1.76187
1.76487
1.76786
1.77086
1.77386
1.77686
1.77986
1.78285
1.78585
1.78885
1.79185
1.79485
1.79784
1.80084
1.80384
1.80684
1.80983
1.81283
1.81583
1.81883
1.82183
1.82482
1.82782
1.83082
1.83382
1.83682
1.83981
1.84281
1.84581
1.84881
1.85181
1.8548
1.8578
1.8608
1.8638
1.86679
1.86979
1.87279
1.87579
1.87879
1.88178
1.88478
1.88778
1.89078
1.89378
1.89677
1.89977
1.90277
1.90577
1.90877
1.91176
1.91476
1.91776
1.92076
1.92375
1.92675
1.92975
1.93275
1.93575
1.93874
1.94174
1.94474
1.94774
1.95074
1.95373
1.95673
1.95973
1.96273
1.96573
1.96872
1.97172
1.97472
1.97772
1.98071
1.98371
1.98671
1.98971
1.99271
1.9957
1.9987
2.0017
2.0047
2.0077
2.01069
2.01369
2.01669
2.01969
2.02269
2.02568
2.02868
2.03168
2.03468
2.03767
2.04067
2.04367
2.04667
2.04967
2.05266
2.05566
2.05866
2.06166
2.06466
2.06765
2.07065
2.07365
2.07665
2.07965
2.08264
2.08564
2.08864
2.09164
2.09463
2.09763
2.10063
2.10363
2.10663
2.10962
2.11262
2.11562
2.11862
2.12162
2.12461
2.12761
2.13061
2.13361
2.13661
2.1396
2.1426
2.1456
2.1486
2.15159
2.15459
2.15759
2.16059
2.16359
2.16658
2.16958
2.17258
2.17558
2.17858
2.18157
2.18457
2.18757
2.19057
2.19357
2.19656
2.19956
2.20256
2.20556
2.20855
2.21155
2.21455
2.21755
2.22055
2.22354
2.22654
2.22954
2.23254
2.23554
2.23853
2.24153
2.24453
2.24753
2.25053
2.25352
2.25652
2.25952
2.26252
2.26552
2.26851
2.27151
2.27451
2.27751
2.2805
2.2835
2.2865
2.2895
2.2925
2.29549
2.29849
2.30149
2.30449
2.30749
2.31048
2.31348
2.31648
2.31948
2.32248
2.32547
2.32847
2.33147
2.33447
2.33746
2.34046
2.34346
2.34646
2.34946
2.35245
2.35545
2.35845
2.36145
2.36445
2.36744
2.37044
2.37344
2.37644
2.37944
2.38243
2.38543
2.38843
2.39143
2.39442
2.39742
2.40042
2.40342
2.40642
2.40941
2.41241
2.41541
2.41841
2.42141
2.4244
2.4274
2.4304
2.4334
2.4364
2.43939
2.44239
2.44539
2.44839
2.45138
2.45438
2.45738
2.46038
2.46338
2.46637
2.46937
2.47237
2.47537
2.47837
2.48136
2.48436
2.48736
2.49036
2.49336
2.49635
2.49935
2.50235
2.50535
2.50834
2.51134
2.51434
2.51734
2.52034
2.52333
2.52633
2.52933
2.53233
2.53533
2.53832
2.54132
2.54432
2.54732
2.55032
2.55331
2.55631
2.55931
2.56231
2.5653
2.5683
2.5713
2.5743
2.5773
2.58029
2.58329
2.58629
2.58929
2.59229
2.59528
2.59828
2.60128
2.60428
2.60728
2.61027
2.61327
2.61627
2.61927
2.62226
2.62526
2.62826
2.63126
2.63426
2.63725
2.64025
2.64325
2.64625
2.64925
2.65224
2.65524
2.65824
2.66124
2.66424
2.66723
2.67023
2.67323
2.67623
2.67922
2.68222
2.68522
2.68822
2.69122
2.69421
2.69721
2.70021
2.70321
2.70621
2.7092
2.7122
2.7152
2.7182
2.7212
2.72419
2.72719
2.73019
2.73319
2.73618
2.73918
2.74218
2.74518
2.74818
2.75117
2.75417
2.75717
2.76017
2.76317
2.76616
2.76916
2.77216
2.77516
2.77816
2.78115
2.78415
2.78715
2.79015
2.79315
2.79614
2.79914
2.80214
2.80514
2.80813
2.81113
2.81413
2.81713
2.82013
2.82312
2.82612
2.82912
2.83212
2.83512
2.83811
2.84111
2.84411
2.84711
2.85011
2.8531
2.8561
2.8591
2.8621
2.86509
2.86809
2.87109
2.87409
2.87709
2.88008
2.88308
2.88608
2.88908
2.89208
2.89507
2.89807
2.90107
2.90407
2.90707
2.91006
2.91306
2.91606
2.91906
2.92205
2.92505
2.92805
2.93105
2.93405
2.93704
2.94004
2.94304
2.94604
2.94904
2.95203
2.95503
2.95803
2.96103
2.96403
2.96702
2.97002
2.97302
2.97602
2.97901
2.98201
2.98501
2.98801
2.99101
2.994
2.997
3
